000.jpg [295, 382, 131, 232]
001.jpg [294, 314, 129, 173]
002.jpg [560, 573, 235, 252]
003.jpg [239, 262, 161, 216]
004.jpg [301, 324, 170, 200]
005.jpg [235, 245, 293, 322]
006.jpg [173, 219, 35, 158]
007.jpg [260, 304, 87, 196]
008.jpg [208, 244, 95, 194]
009.jpg [304, 323, 281, 309]
010.jpg [318, 346, 153, 228]
011.jpg [317, 339, 147, 174]
012.jpg [317, 339, 157, 176]
013.jpg [333, 358, 149, 211]
014.jpg [209, 269, 100, 291]
015.jpg [438, 479, 191, 230]
016.jpg [280, 423, 172, 318]
017.jpg [210, 256, 123, 155]
018.jpg [301, 320, 157, 206]
019.jpg [556, 590, 334, 351]
020.jpg [255, 422, 172, 299]
021.jpg [340, 352, 182, 207]
022.jpg [205, 244, 182, 298]
023.jpg [312, 334, 165, 232]
024.jpg [225, 258, 116, 138]
025.jpg [255, 277, 157, 210]
026.jpg [267, 280, 216, 245]
027.jpg [314, 331, 152, 171]
028.jpg [236, 279, 109, 200]
029.jpg [290, 338, 154, 207]
030.jpg [306, 341, 152, 226]
031.jpg [304, 339, 144, 240]
032.jpg [241, 274, 162, 199]
033.jpg [289, 324, 147, 217]
034.jpg [291, 301, 99, 133]
035.jpg [363, 390, 105, 167]
036.jpg [556, 590, 334, 351]
037.jpg [384, 416, 323, 359]
038.jpg [264, 280, 174, 210]
039.jpg [204, 240, 97, 197]
040.jpg [322, 346, 167, 212]
041.jpg [355, 383, 147, 199]
042.jpg [300, 322, 150, 200]
043.jpg [88, 122, 198, 261]
044.jpg [268, 317, 142, 242]
045.jpg [243, 291, 92, 131]
046.jpg [276, 315, 145, 230]
047.jpg [256, 275, 217, 256]
048.jpg [308, 326, 163, 202]
049.jpg [275, 309, 145, 212]
050.jpg [313, 335, 168, 219]
051.jpg [304, 315, 101, 137]
052.jpg [356, 373, 92, 143]
053.jpg [145, 195, 164, 291]
054.jpg [273, 298, 151, 196]
055.jpg [340, 367, 110, 173]
056.jpg [239, 262, 161, 216]
057.jpg [268, 294, 142, 205]
058.jpg [410, 438, 15, 86]
059.jpg [525, 572, 173, 297]
060.jpg [309, 327, 161, 200]
061.jpg [279, 318, 148, 231]
062.jpg [279, 318, 148, 231]
063.jpg [24, 33, 77, 91]
064.jpg [338, 369, 154, 216]
065.jpg [278, 317, 148, 233]
066.jpg [212, 303, 154, 193]
067.jpg [325, 342, 80, 137]
068.jpg [342, 343, 179, 182]
069.jpg [202, 265, 259, 360]
070.jpg [310, 326, 97, 141]
071.jpg [270, 305, 137, 230]
072.jpg [333, 356, 161, 231]
073.jpg [301, 322, 165, 195]
074.jpg [247, 269, 159, 212]
075.jpg [286, 307, 154, 209]
076.jpg [333, 356, 243, 255]
077.jpg [555, 563, 169, 179]
078.jpg [254, 415, 173, 295]
079.jpg [188, 251, 211, 360]
080.jpg [556, 567, 195, 207]
081.jpg [580, 639, 156, 329]
082.jpg [285, 303, 190, 228]
083.jpg [212, 303, 157, 196]
084.jpg [222, 285, 152, 227]
085.jpg [329, 368, 107, 228]
086.jpg [307, 359, 134, 197]
087.jpg [246, 308, 236, 318]
088.jpg [318, 331, 117, 154]
089.jpg [293, 337, 157, 206]
090.jpg [318, 343, 123, 181]
091.jpg [306, 336, 145, 195]
092.jpg [236, 251, 300, 342]
093.jpg [326, 346, 236, 246]
094.jpg [215, 260, 134, 225]
095.jpg [256, 280, 165, 230]
096.jpg [279, 422, 178, 312]
097.jpg [425, 484, 206, 355]
098.jpg [276, 302, 145, 192]
099.jpg [41, 50, 79, 92]
100.jpg [325, 350, 78, 135]
101.jpg [300, 322, 170, 197]
102.jpg [313, 393, 40, 148]
103.jpg [254, 403, 165, 300]
104.jpg [318, 345, 154, 226]
105.jpg [232, 290, 150, 219]
106.jpg [559, 573, 221, 236]
107.jpg [283, 310, 167, 285]
108.jpg [311, 331, 151, 202]
109.jpg [322, 337, 59, 106]
110.jpg [260, 337, 132, 221]
111.jpg [273, 338, 114, 271]
112.jpg [308, 331, 143, 197]
113.jpg [294, 314, 127, 171]
114.jpg [198, 285, 153, 190]
115.jpg [298, 318, 152, 203]
116.jpg [76, 109, 168, 229]
117.jpg [431, 460, 299, 315]
118.jpg [293, 320, 123, 153]
119.jpg [300, 323, 172, 202]
120.jpg [282, 357, 125, 273]
121.jpg [328, 331, 199, 208]
122.jpg [310, 336, 166, 220]
123.jpg [345, 379, 141, 203]
124.jpg [311, 337, 172, 223]
125.jpg [237, 248, 293, 322]
126.jpg [56, 66, 78, 91]
127.jpg [313, 351, 139, 197]
128.jpg [225, 240, 340, 359]
129.jpg [295, 310, 168, 204]
130.jpg [358, 365, 166, 181]
131.jpg [322, 347, 219, 281]
132.jpg [193, 275, 149, 229]
133.jpg [307, 337, 161, 196]
134.jpg [328, 359, 151, 213]
135.jpg [255, 332, 128, 217]
136.jpg [314, 354, 138, 198]
137.jpg [417, 436, 117, 169]
138.jpg [311, 328, 152, 171]
139.jpg [62, 96, 186, 249]
140.jpg [305, 326, 115, 160]
141.jpg [295, 329, 151, 222]
142.jpg [243, 265, 163, 216]
143.jpg [372, 398, 268, 283]
144.jpg [303, 325, 131, 178]
145.jpg [285, 306, 149, 204]
146.jpg [304, 317, 123, 159]
147.jpg [212, 244, 135, 203]
148.jpg [404, 429, 215, 237]
149.jpg [238, 278, 95, 221]
150.jpg [450, 498, 29, 52]
151.jpg [302, 322, 150, 201]
152.jpg [334, 373, 106, 227]
153.jpg [307, 325, 167, 188]
154.jpg [301, 338, 163, 212]
155.jpg [353, 401, 114, 258]
156.jpg [334, 336, 184, 194]
157.jpg [285, 307, 145, 203]
158.jpg [288, 321, 148, 212]
159.jpg [369, 388, 68, 124]
160.jpg [300, 326, 146, 220]
161.jpg [312, 335, 162, 182]
162.jpg [300, 326, 145, 206]
163.jpg [148, 296, 128, 268]
164.jpg [354, 378, 101, 155]
165.jpg [287, 318, 109, 181]
166.jpg [301, 325, 156, 201]
167.jpg [291, 321, 112, 181]
168.jpg [305, 336, 156, 225]
169.jpg [297, 319, 182, 209]
170.jpg [313, 348, 212, 301]
171.jpg [306, 324, 167, 188]
172.jpg [362, 378, 221, 249]
173.jpg [283, 322, 148, 233]
174.jpg [304, 325, 171, 199]
175.jpg [285, 335, 154, 210]
176.jpg [230, 264, 120, 219]
177.jpg [558, 573, 224, 240]
178.jpg [349, 373, 0, 22]
179.jpg [250, 276, 152, 199]
180.jpg [344, 345, 177, 183]
181.jpg [243, 276, 163, 200]
182.jpg [202, 243, 24, 145]
183.jpg [310, 335, 173, 225]
184.jpg [306, 330, 140, 196]
185.jpg [209, 291, 142, 222]
186.jpg [308, 332, 142, 198]
187.jpg [314, 336, 160, 211]
188.jpg [293, 335, 166, 289]
189.jpg [323, 358, 172, 259]
190.jpg [561, 568, 165, 177]
191.jpg [226, 236, 320, 353]
192.jpg [307, 335, 157, 239]
193.jpg [323, 338, 150, 171]
194.jpg [299, 321, 169, 200]
195.jpg [274, 299, 152, 197]
196.jpg [305, 341, 151, 228]
197.jpg [452, 489, 179, 214]
198.jpg [174, 371, 163, 304]
199.jpg [205, 235, 203, 276]
200.jpg [279, 289, 99, 132]
201.jpg [318, 373, 161, 279]
202.jpg [223, 314, 158, 197]
203.jpg [311, 357, 139, 195]
204.jpg [295, 313, 218, 227]
205.jpg [284, 302, 153, 202]
206.jpg [215, 244, 150, 227]
207.jpg [318, 345, 159, 231]
208.jpg [333, 335, 182, 192]
209.jpg [429, 459, 298, 315]
210.jpg [221, 259, 138, 172]
211.jpg [235, 281, 124, 221]
212.jpg [290, 316, 162, 276]
213.jpg [308, 335, 153, 208]
214.jpg [302, 351, 135, 234]
215.jpg [288, 338, 128, 238]
216.jpg [298, 331, 148, 212]
217.jpg [299, 325, 147, 208]
218.jpg [281, 297, 153, 182]
219.jpg [394, 414, 135, 186]
220.jpg [71, 80, 82, 95]
221.jpg [323, 352, 113, 181]
222.jpg [163, 256, 152, 242]
223.jpg [305, 336, 160, 197]
224.jpg [290, 325, 70, 170]
225.jpg [306, 334, 157, 201]
226.jpg [284, 302, 153, 202]
227.jpg [361, 386, 0, 21]
228.jpg [239, 261, 162, 215]
229.jpg [293, 311, 161, 200]
230.jpg [288, 306, 161, 200]
231.jpg [242, 255, 134, 174]
232.jpg [555, 563, 170, 182]
233.jpg [190, 207, 191, 210]
234.jpg [330, 353, 171, 199]
235.jpg [317, 333, 112, 159]
236.jpg [239, 283, 79, 199]
237.jpg [401, 427, 163, 221]
238.jpg [255, 329, 289, 360]
239.jpg [375, 410, 192, 227]
240.jpg [438, 485, 197, 241]
241.jpg [315, 338, 184, 235]
242.jpg [373, 391, 100, 151]
243.jpg [294, 333, 146, 231]
244.jpg [228, 325, 67, 167]
245.jpg [275, 285, 103, 138]
246.jpg [405, 454, 18, 40]
247.jpg [373, 426, 311, 360]
248.jpg [307, 327, 151, 202]
249.jpg [300, 321, 176, 204]
250.jpg [272, 411, 161, 294]
251.jpg [276, 353, 124, 212]
252.jpg [371, 388, 55, 108]
253.jpg [291, 339, 154, 207]
254.jpg [314, 335, 164, 213]
255.jpg [291, 314, 169, 197]
256.jpg [325, 344, 80, 138]
257.jpg [308, 330, 175, 202]
258.jpg [433, 462, 163, 240]
259.jpg [307, 332, 166, 218]
260.jpg [312, 332, 153, 174]
261.jpg [286, 301, 151, 179]
262.jpg [372, 400, 95, 154]
263.jpg [190, 234, 162, 251]
264.jpg [432, 468, 215, 241]
265.jpg [237, 277, 67, 181]
266.jpg [298, 331, 148, 212]
267.jpg [322, 344, 235, 245]
268.jpg [267, 280, 233, 264]
269.jpg [318, 343, 164, 215]
270.jpg [313, 335, 159, 256]
271.jpg [301, 324, 172, 202]
272.jpg [208, 307, 61, 171]
273.jpg [210, 301, 156, 195]
274.jpg [219, 254, 119, 212]
275.jpg [214, 313, 58, 172]
276.jpg [279, 297, 195, 233]
277.jpg [339, 404, 121, 278]
278.jpg [503, 509, 171, 180]
279.jpg [324, 370, 9, 31]
280.jpg [348, 372, 72, 128]
281.jpg [226, 275, 135, 207]
282.jpg [389, 409, 119, 177]
283.jpg [438, 485, 198, 242]
284.jpg [278, 288, 101, 136]
285.jpg [365, 392, 105, 167]
286.jpg [261, 341, 136, 229]
287.jpg [281, 442, 189, 342]
288.jpg [306, 331, 140, 175]
289.jpg [438, 481, 193, 234]
290.jpg [357, 359, 173, 177]
291.jpg [372, 418, 103, 242]
292.jpg [292, 327, 151, 225]
293.jpg [305, 328, 160, 216]
294.jpg [338, 352, 167, 208]
295.jpg [339, 350, 184, 209]
296.jpg [309, 329, 152, 173]
297.jpg [423, 443, 116, 161]
298.jpg [562, 578, 248, 265]
299.jpg [322, 368, 10, 31]
300.jpg [321, 336, 150, 171]
301.jpg [269, 293, 152, 195]
302.jpg [226, 236, 319, 351]
303.jpg [317, 343, 5, 64]
304.jpg [260, 344, 165, 201]
305.jpg [296, 340, 164, 213]
306.jpg [266, 269, 200, 203]
307.jpg [311, 334, 162, 182]
308.jpg [271, 308, 161, 256]
309.jpg [308, 333, 148, 191]
310.jpg [278, 304, 138, 202]
311.jpg [350, 368, 89, 138]
312.jpg [305, 349, 86, 222]
313.jpg [332, 348, 149, 187]
314.jpg [328, 357, 156, 213]
315.jpg [302, 380, 47, 236]
316.jpg [252, 283, 108, 163]
317.jpg [293, 332, 146, 231]
318.jpg [344, 368, 83, 111]
319.jpg [294, 319, 154, 199]
320.jpg [295, 305, 99, 133]
321.jpg [373, 426, 314, 360]
322.jpg [289, 308, 153, 204]
323.jpg [202, 239, 142, 219]
324.jpg [275, 285, 102, 137]
325.jpg [153, 206, 129, 230]
326.jpg [308, 325, 167, 191]
327.jpg [307, 326, 165, 206]
328.jpg [266, 290, 149, 192]
329.jpg [339, 355, 151, 193]
330.jpg [380, 437, 250, 360]
331.jpg [283, 308, 138, 201]
332.jpg [311, 336, 172, 224]
333.jpg [285, 310, 157, 202]
334.jpg [344, 367, 103, 156]
335.jpg [301, 323, 177, 204]
336.jpg [483, 504, 191, 229]
337.jpg [415, 419, 160, 169]
338.jpg [285, 318, 154, 227]
339.jpg [245, 255, 253, 283]
340.jpg [214, 243, 145, 222]
341.jpg [342, 364, 184, 240]
342.jpg [104, 168, 98, 207]
343.jpg [307, 327, 154, 207]
344.jpg [320, 340, 145, 198]
345.jpg [283, 301, 154, 203]
346.jpg [315, 340, 152, 227]
347.jpg [262, 416, 175, 333]
348.jpg [256, 298, 56, 168]
349.jpg [310, 328, 161, 200]
350.jpg [477, 509, 315, 332]
351.jpg [269, 419, 180, 309]
352.jpg [305, 326, 118, 163]
353.jpg [294, 318, 160, 205]
354.jpg [300, 324, 168, 199]
355.jpg [441, 474, 181, 212]
356.jpg [300, 318, 153, 202]
357.jpg [352, 367, 127, 168]
358.jpg [385, 404, 0, 39]
359.jpg [275, 350, 124, 272]
360.jpg [137, 180, 138, 224]
361.jpg [438, 456, 247, 272]
362.jpg [318, 338, 231, 241]
363.jpg [307, 336, 156, 241]
364.jpg [351, 376, 72, 128]
365.jpg [286, 296, 98, 132]
366.jpg [288, 306, 161, 200]
367.jpg [285, 301, 159, 188]
368.jpg [228, 266, 51, 166]
369.jpg [279, 309, 118, 187]
370.jpg [294, 381, 133, 234]
371.jpg [349, 354, 137, 149]
372.jpg [325, 348, 171, 199]
373.jpg [297, 320, 169, 199]
374.jpg [303, 325, 170, 197]
375.jpg [319, 352, 154, 222]
376.jpg [237, 277, 67, 186]
377.jpg [307, 342, 152, 226]
378.jpg [296, 341, 172, 232]
379.jpg [292, 325, 148, 212]
380.jpg [290, 308, 131, 182]
381.jpg [315, 341, 6, 64]
382.jpg [245, 271, 153, 200]
383.jpg [330, 405, 33, 137]
384.jpg [307, 372, 119, 276]
385.jpg [309, 333, 166, 216]
386.jpg [316, 342, 150, 226]
387.jpg [186, 249, 212, 360]
388.jpg [323, 346, 172, 200]
389.jpg [303, 325, 168, 199]
390.jpg [206, 295, 140, 226]
391.jpg [361, 433, 29, 131]
392.jpg [331, 335, 133, 146]
393.jpg [290, 313, 9, 64]
394.jpg [372, 392, 125, 178]
395.jpg [305, 324, 152, 176]
396.jpg [299, 322, 169, 199]
397.jpg [445, 503, 224, 281]
398.jpg [269, 282, 219, 242]
399.jpg [289, 330, 181, 267]
400.jpg [313, 334, 166, 215]
401.jpg [248, 399, 152, 311]
402.jpg [184, 266, 136, 216]
403.jpg [279, 295, 153, 182]
404.jpg [260, 303, 152, 248]
405.jpg [254, 290, 101, 213]
406.jpg [377, 393, 67, 107]
407.jpg [19, 29, 76, 90]
408.jpg [166, 285, 28, 171]
409.jpg [314, 340, 154, 223]
410.jpg [381, 425, 193, 230]
411.jpg [292, 322, 156, 232]
412.jpg [429, 487, 39, 128]
413.jpg [468, 519, 218, 268]
414.jpg [282, 318, 47, 150]
415.jpg [433, 481, 23, 46]
416.jpg [292, 321, 112, 178]
417.jpg [342, 344, 183, 192]
418.jpg [368, 412, 100, 233]
419.jpg [301, 317, 132, 173]
420.jpg [308, 341, 158, 226]
421.jpg [274, 311, 45, 150]
422.jpg [117, 186, 175, 335]
423.jpg [293, 329, 146, 228]
424.jpg [335, 352, 289, 317]
425.jpg [379, 406, 273, 288]
426.jpg [246, 267, 191, 234]
427.jpg [298, 331, 148, 212]
428.jpg [276, 351, 124, 272]
429.jpg [292, 324, 165, 245]
430.jpg [285, 306, 145, 200]
431.jpg [267, 302, 75, 174]
432.jpg [421, 447, 162, 231]
433.jpg [317, 335, 162, 201]
434.jpg [312, 330, 162, 201]
435.jpg [285, 308, 28, 81]
436.jpg [201, 237, 141, 215]
437.jpg [27, 36, 78, 91]
438.jpg [296, 335, 146, 231]
439.jpg [244, 256, 134, 174]
440.jpg [296, 338, 129, 247]
441.jpg [310, 327, 162, 181]
442.jpg [455, 460, 165, 173]
443.jpg [303, 323, 152, 205]
444.jpg [302, 323, 167, 197]
445.jpg [223, 249, 210, 274]
446.jpg [335, 352, 150, 194]
447.jpg [279, 322, 127, 249]
448.jpg [183, 259, 138, 212]
449.jpg [301, 320, 155, 204]
450.jpg [300, 323, 169, 199]
451.jpg [439, 472, 183, 214]
452.jpg [210, 283, 155, 226]
453.jpg [175, 363, 161, 296]
454.jpg [384, 416, 326, 359]
455.jpg [282, 305, 169, 197]
456.jpg [378, 380, 202, 205]
457.jpg [310, 347, 141, 196]
458.jpg [429, 441, 158, 182]
459.jpg [298, 323, 152, 210]
460.jpg [300, 319, 147, 191]
461.jpg [348, 361, 122, 162]
462.jpg [171, 368, 162, 303]
463.jpg [307, 337, 160, 195]
464.jpg [326, 343, 146, 186]
465.jpg [353, 388, 152, 216]
466.jpg [300, 325, 142, 200]
467.jpg [358, 453, 155, 289]
468.jpg [306, 336, 146, 196]
469.jpg [312, 344, 154, 211]
470.jpg [309, 332, 164, 192]
471.jpg [245, 255, 251, 279]
472.jpg [300, 322, 168, 199]
473.jpg [252, 278, 152, 222]
474.jpg [310, 342, 143, 197]
475.jpg [464, 501, 186, 221]
476.jpg [313, 334, 166, 215]
477.jpg [311, 336, 167, 219]
478.jpg [72, 105, 168, 229]
479.jpg [37, 46, 79, 93]
480.jpg [313, 337, 154, 199]
481.jpg [346, 392, 12, 34]
482.jpg [301, 317, 138, 179]
483.jpg [149, 173, 139, 158]
484.jpg [244, 266, 159, 212]
485.jpg [434, 462, 18, 89]
486.jpg [277, 295, 141, 195]
487.jpg [297, 324, 127, 157]
488.jpg [249, 287, 160, 194]
489.jpg [218, 228, 302, 332]
490.jpg [296, 321, 153, 211]
491.jpg [324, 365, 117, 240]
492.jpg [302, 324, 171, 200]
493.jpg [310, 375, 302, 360]
494.jpg [31, 40, 78, 91]
495.jpg [329, 351, 240, 250]
496.jpg [242, 256, 285, 329]
497.jpg [280, 366, 53, 158]
498.jpg [307, 327, 163, 186]
499.jpg [166, 216, 143, 190]
500.jpg [209, 260, 124, 159]
501.jpg [336, 340, 137, 151]
502.jpg [153, 195, 70, 158]
503.jpg [302, 322, 152, 203]
504.jpg [281, 367, 53, 158]
505.jpg [305, 336, 159, 196]
506.jpg [492, 526, 319, 338]
507.jpg [393, 416, 67, 124]
508.jpg [307, 334, 151, 197]
509.jpg [298, 324, 145, 222]
510.jpg [306, 338, 160, 198]
511.jpg [385, 411, 12, 80]
512.jpg [242, 411, 174, 340]
513.jpg [309, 327, 162, 201]
514.jpg [305, 328, 184, 212]
515.jpg [245, 264, 222, 261]
516.jpg [399, 426, 285, 301]
517.jpg [305, 327, 176, 203]
518.jpg [295, 298, 200, 208]
519.jpg [310, 330, 153, 204]
520.jpg [249, 276, 150, 199]
521.jpg [461, 481, 238, 265]
522.jpg [29, 38, 78, 91]
523.jpg [329, 341, 109, 146]
524.jpg [338, 369, 154, 216]
525.jpg [300, 323, 172, 202]
526.jpg [556, 567, 200, 213]
527.jpg [306, 338, 160, 198]
528.jpg [297, 330, 148, 212]
529.jpg [441, 503, 229, 290]
530.jpg [269, 308, 145, 230]
531.jpg [145, 265, 35, 185]
532.jpg [443, 476, 181, 212]
533.jpg [297, 346, 133, 232]
534.jpg [239, 326, 160, 197]
535.jpg [275, 430, 169, 314]
536.jpg [533, 566, 329, 346]
537.jpg [406, 426, 208, 229]
538.jpg [295, 321, 148, 195]
539.jpg [206, 320, 133, 250]
540.jpg [313, 341, 160, 194]
541.jpg [305, 329, 132, 158]
542.jpg [255, 277, 157, 210]
543.jpg [305, 316, 105, 140]
544.jpg [305, 340, 144, 240]
545.jpg [334, 350, 149, 187]
546.jpg [210, 301, 155, 194]
547.jpg [426, 431, 162, 171]
548.jpg [247, 269, 160, 213]
549.jpg [23, 33, 77, 91]
550.jpg [297, 325, 166, 191]
551.jpg [313, 333, 153, 204]
552.jpg [305, 319, 196, 224]
553.jpg [304, 362, 122, 251]
554.jpg [314, 330, 79, 125]
555.jpg [305, 325, 145, 191]
556.jpg [173, 216, 79, 169]
557.jpg [286, 313, 144, 224]
558.jpg [353, 387, 130, 190]
559.jpg [325, 341, 184, 230]
560.jpg [230, 275, 67, 181]
561.jpg [161, 246, 148, 231]
562.jpg [164, 181, 182, 202]
563.jpg [223, 233, 316, 348]
564.jpg [320, 341, 167, 231]
565.jpg [332, 348, 34, 84]
566.jpg [455, 490, 181, 215]
567.jpg [265, 292, 147, 218]
568.jpg [427, 439, 151, 176]
569.jpg [273, 297, 168, 233]
570.jpg [359, 365, 168, 183]
571.jpg [312, 369, 138, 254]
572.jpg [316, 339, 164, 192]
573.jpg [299, 321, 171, 202]
574.jpg [309, 331, 169, 196]
575.jpg [298, 334, 150, 227]
576.jpg [264, 348, 166, 202]
577.jpg [221, 270, 104, 222]
578.jpg [415, 452, 217, 244]
579.jpg [234, 312, 124, 278]
580.jpg [296, 351, 131, 242]
581.jpg [175, 286, 67, 173]
582.jpg [298, 319, 117, 162]
583.jpg [306, 336, 161, 196]
584.jpg [291, 337, 8, 30]
585.jpg [329, 345, 153, 174]
586.jpg [289, 307, 161, 200]
587.jpg [328, 345, 132, 182]
588.jpg [296, 329, 148, 212]
589.jpg [374, 393, 126, 177]
590.jpg [303, 359, 145, 269]
591.jpg [364, 390, 190, 246]
592.jpg [377, 405, 95, 155]
593.jpg [328, 350, 164, 231]
594.jpg [439, 462, 237, 261]
595.jpg [321, 342, 164, 213]
596.jpg [212, 295, 128, 182]
597.jpg [236, 314, 124, 278]
598.jpg [346, 367, 154, 205]
599.jpg [487, 521, 318, 336]
600.jpg [303, 326, 172, 202]
601.jpg [307, 371, 302, 360]
602.jpg [304, 325, 175, 203]
603.jpg [322, 350, 158, 213]
604.jpg [332, 350, 233, 257]
605.jpg [374, 375, 202, 206]
606.jpg [249, 261, 134, 174]
607.jpg [304, 331, 128, 208]
608.jpg [308, 328, 152, 203]
609.jpg [293, 308, 169, 203]
610.jpg [242, 253, 258, 288]
611.jpg [543, 558, 266, 285]
612.jpg [323, 335, 134, 167]
613.jpg [297, 339, 159, 214]
614.jpg [293, 311, 161, 200]
615.jpg [285, 305, 154, 207]
616.jpg [296, 348, 119, 233]
617.jpg [281, 314, 166, 195]
618.jpg [222, 234, 318, 350]
619.jpg [442, 468, 218, 235]
620.jpg [290, 324, 186, 273]
621.jpg [392, 430, 63, 98]
622.jpg [336, 366, 154, 213]
623.jpg [299, 321, 172, 203]
624.jpg [572, 617, 4, 90]
625.jpg [316, 334, 162, 201]
626.jpg [441, 489, 201, 247]
627.jpg [317, 339, 156, 183]
628.jpg [319, 342, 156, 184]
629.jpg [268, 281, 217, 242]
630.jpg [270, 308, 160, 259]
631.jpg [245, 332, 135, 238]
632.jpg [347, 393, 12, 33]
633.jpg [308, 328, 152, 203]
634.jpg [290, 313, 155, 206]
635.jpg [303, 326, 142, 204]
636.jpg [303, 323, 150, 201]
637.jpg [289, 305, 170, 210]
638.jpg [341, 382, 147, 209]
639.jpg [283, 360, 139, 227]
640.jpg [233, 244, 294, 323]
641.jpg [384, 406, 137, 189]
642.jpg [302, 322, 149, 202]
643.jpg [297, 319, 187, 214]
644.jpg [339, 367, 156, 213]
645.jpg [226, 392, 159, 310]
646.jpg [279, 289, 105, 140]
647.jpg [297, 313, 153, 191]
648.jpg [303, 314, 128, 163]
649.jpg [276, 342, 135, 258]
650.jpg [301, 319, 278, 305]
651.jpg [351, 378, 108, 171]
652.jpg [252, 336, 138, 237]
653.jpg [305, 334, 146, 213]
654.jpg [553, 562, 178, 190]
655.jpg [262, 339, 133, 222]
656.jpg [380, 382, 201, 205]
657.jpg [324, 382, 167, 287]
658.jpg [309, 327, 255, 282]
659.jpg [317, 343, 153, 222]
660.jpg [296, 379, 124, 221]
661.jpg [275, 317, 98, 229]
662.jpg [333, 371, 158, 227]
663.jpg [253, 340, 160, 197]
664.jpg [83, 117, 196, 259]
665.jpg [306, 328, 181, 208]
666.jpg [304, 325, 130, 175]
667.jpg [366, 391, 265, 278]
668.jpg [290, 308, 164, 203]
669.jpg [239, 283, 81, 192]
670.jpg [456, 479, 192, 226]
671.jpg [313, 351, 139, 197]
672.jpg [291, 343, 125, 243]
673.jpg [278, 294, 169, 207]
674.jpg [311, 330, 160, 183]
675.jpg [260, 296, 136, 210]
676.jpg [308, 334, 155, 208]
677.jpg [321, 368, 10, 32]
678.jpg [440, 556, 105, 259]
679.jpg [208, 268, 149, 340]
680.jpg [227, 260, 113, 135]
681.jpg [299, 321, 174, 205]
682.jpg [373, 418, 277, 359]
683.jpg [301, 313, 130, 165]
684.jpg [387, 400, 172, 194]
685.jpg [292, 333, 182, 268]
686.jpg [303, 320, 169, 200]
687.jpg [312, 334, 179, 200]
688.jpg [304, 329, 150, 194]
689.jpg [231, 265, 120, 218]
690.jpg [273, 353, 160, 204]
691.jpg [304, 338, 143, 226]
692.jpg [201, 218, 196, 218]
693.jpg [211, 237, 191, 253]
694.jpg [277, 303, 138, 203]
695.jpg [321, 368, 145, 240]
696.jpg [290, 362, 48, 223]
697.jpg [288, 305, 180, 218]
698.jpg [324, 336, 107, 146]
699.jpg [301, 322, 168, 198]
700.jpg [305, 325, 174, 201]
701.jpg [280, 332, 159, 217]
702.jpg [312, 333, 167, 216]
703.jpg [283, 293, 98, 131]
704.jpg [223, 233, 316, 347]
705.jpg [283, 293, 98, 132]
706.jpg [307, 315, 118, 153]
707.jpg [220, 239, 351, 360]
708.jpg [216, 256, 119, 145]
709.jpg [364, 400, 108, 190]
710.jpg [323, 352, 158, 215]
711.jpg [355, 375, 133, 186]
712.jpg [298, 331, 148, 212]
713.jpg [382, 439, 244, 360]
714.jpg [455, 508, 222, 274]
715.jpg [400, 448, 17, 40]
716.jpg [348, 384, 150, 205]
717.jpg [296, 320, 160, 218]
718.jpg [295, 310, 146, 174]
719.jpg [262, 287, 146, 191]
720.jpg [313, 332, 146, 171]
721.jpg [303, 329, 146, 220]
722.jpg [300, 322, 170, 201]
723.jpg [222, 261, 51, 163]
724.jpg [275, 285, 102, 137]
725.jpg [303, 323, 149, 174]
726.jpg [429, 463, 214, 239]
727.jpg [299, 332, 148, 212]
728.jpg [146, 267, 35, 181]
729.jpg [334, 372, 158, 227]
730.jpg [421, 480, 205, 341]
731.jpg [295, 340, 172, 232]
732.jpg [314, 340, 146, 211]
733.jpg [298, 313, 167, 201]
734.jpg [293, 311, 160, 199]
735.jpg [298, 325, 127, 207]
736.jpg [343, 366, 102, 152]
737.jpg [365, 387, 141, 170]
738.jpg [216, 392, 186, 341]
739.jpg [288, 315, 152, 205]
740.jpg [355, 391, 81, 165]
741.jpg [220, 254, 126, 194]
742.jpg [360, 405, 187, 277]
743.jpg [387, 402, 60, 100]
744.jpg [244, 271, 155, 204]
745.jpg [184, 260, 138, 212]
746.jpg [239, 402, 159, 296]
747.jpg [293, 337, 115, 236]
748.jpg [270, 281, 218, 245]
749.jpg [304, 331, 150, 230]
750.jpg [315, 333, 162, 201]
751.jpg [384, 403, 58, 113]
752.jpg [338, 374, 150, 213]
753.jpg [441, 463, 27, 53]
754.jpg [385, 404, 60, 114]
755.jpg [210, 260, 125, 159]
756.jpg [315, 335, 142, 195]
757.jpg [259, 273, 255, 294]
758.jpg [324, 350, 162, 193]
759.jpg [335, 356, 0, 54]
760.jpg [322, 339, 249, 277]
761.jpg [142, 176, 209, 272]
762.jpg [310, 333, 150, 179]
763.jpg [308, 344, 150, 227]
764.jpg [306, 334, 157, 201]
765.jpg [160, 237, 134, 231]
766.jpg [255, 400, 152, 305]
767.jpg [400, 426, 15, 83]
768.jpg [365, 401, 107, 189]
769.jpg [208, 238, 159, 247]
770.jpg [274, 299, 152, 197]
771.jpg [301, 341, 159, 212]
772.jpg [243, 299, 161, 228]
773.jpg [311, 329, 164, 193]
774.jpg [264, 291, 159, 202]
775.jpg [249, 336, 160, 197]
776.jpg [274, 298, 151, 197]
777.jpg [181, 227, 33, 152]
778.jpg [247, 273, 152, 199]
779.jpg [314, 349, 149, 211]
780.jpg [327, 343, 105, 151]
781.jpg [329, 343, 190, 215]
782.jpg [307, 319, 123, 163]
783.jpg [295, 340, 172, 232]
784.jpg [355, 373, 158, 201]
785.jpg [311, 357, 139, 195]
786.jpg [308, 330, 179, 206]
787.jpg [367, 393, 185, 214]
788.jpg [297, 319, 173, 204]
789.jpg [298, 321, 149, 204]
790.jpg [384, 416, 323, 359]
791.jpg [276, 287, 112, 151]
792.jpg [180, 369, 164, 300]
793.jpg [300, 324, 149, 205]
794.jpg [329, 354, 133, 191]
795.jpg [310, 328, 161, 200]
796.jpg [224, 248, 155, 194]
797.jpg [281, 311, 157, 181]
798.jpg [305, 371, 299, 360]
799.jpg [262, 297, 163, 280]
800.jpg [285, 335, 154, 210]
801.jpg [281, 304, 174, 202]
802.jpg [304, 327, 186, 214]
803.jpg [319, 341, 156, 183]
804.jpg [300, 334, 151, 222]
805.jpg [248, 268, 189, 232]
806.jpg [359, 370, 171, 195]
807.jpg [350, 367, 225, 250]
808.jpg [311, 329, 161, 200]
809.jpg [169, 248, 142, 219]
810.jpg [323, 347, 155, 227]
811.jpg [588, 624, 340, 358]
812.jpg [267, 303, 166, 197]
813.jpg [283, 308, 162, 207]
814.jpg [280, 298, 140, 192]
815.jpg [301, 341, 159, 212]
816.jpg [236, 247, 260, 288]
817.jpg [304, 348, 104, 240]
818.jpg [432, 469, 213, 240]
819.jpg [299, 331, 155, 235]
820.jpg [229, 246, 323, 359]
821.jpg [330, 360, 151, 210]
822.jpg [278, 309, 155, 180]
823.jpg [217, 228, 304, 335]
824.jpg [436, 455, 243, 261]
825.jpg [336, 338, 183, 193]
826.jpg [296, 315, 150, 197]
827.jpg [315, 341, 156, 225]
828.jpg [273, 395, 192, 324]
829.jpg [302, 324, 172, 201]
830.jpg [357, 384, 158, 209]
831.jpg [305, 321, 121, 170]
832.jpg [296, 328, 177, 257]
833.jpg [110, 119, 87, 100]
834.jpg [268, 402, 162, 290]
835.jpg [286, 312, 142, 194]
836.jpg [307, 326, 165, 206]
837.jpg [279, 308, 139, 214]
838.jpg [308, 335, 153, 208]
839.jpg [234, 332, 67, 162]
840.jpg [299, 320, 174, 204]
841.jpg [243, 272, 114, 147]
842.jpg [300, 331, 155, 224]
843.jpg [442, 502, 227, 286]
844.jpg [292, 373, 36, 233]
845.jpg [304, 324, 173, 200]
846.jpg [309, 334, 168, 220]
847.jpg [249, 265, 266, 308]
848.jpg [301, 311, 99, 133]
849.jpg [271, 346, 123, 271]
850.jpg [304, 327, 167, 219]
851.jpg [218, 249, 132, 198]
852.jpg [185, 290, 68, 189]
853.jpg [339, 355, 96, 141]
854.jpg [250, 337, 160, 197]
855.jpg [271, 287, 170, 208]
856.jpg [359, 400, 107, 230]
857.jpg [305, 316, 101, 137]
858.jpg [406, 410, 159, 170]
859.jpg [326, 343, 266, 294]
860.jpg [309, 390, 58, 255]
861.jpg [251, 272, 158, 209]
862.jpg [304, 320, 154, 183]
863.jpg [277, 305, 121, 152]
864.jpg [194, 262, 135, 212]
865.jpg [377, 399, 57, 111]
866.jpg [290, 340, 131, 241]
867.jpg [348, 417, 161, 296]
868.jpg [261, 270, 210, 230]
869.jpg [289, 322, 148, 212]
870.jpg [338, 365, 153, 208]
871.jpg [238, 279, 72, 183]
872.jpg [334, 351, 278, 306]
873.jpg [300, 325, 143, 201]
874.jpg [395, 400, 158, 168]
875.jpg [282, 306, 164, 207]
876.jpg [257, 282, 165, 209]
877.jpg [297, 339, 159, 214]
878.jpg [316, 364, 172, 301]
879.jpg [338, 343, 140, 154]
880.jpg [338, 372, 145, 212]
881.jpg [303, 325, 167, 198]
882.jpg [289, 310, 155, 210]
883.jpg [271, 410, 158, 291]
884.jpg [301, 339, 160, 211]
885.jpg [320, 338, 162, 201]
886.jpg [370, 414, 251, 337]
887.jpg [305, 349, 108, 244]
888.jpg [220, 243, 179, 234]
889.jpg [303, 323, 165, 251]
890.jpg [364, 382, 79, 129]
891.jpg [301, 324, 172, 202]
892.jpg [298, 320, 171, 202]
893.jpg [305, 330, 146, 217]
894.jpg [437, 455, 245, 265]
895.jpg [104, 138, 199, 262]
896.jpg [218, 379, 168, 314]
897.jpg [311, 324, 159, 192]
898.jpg [308, 325, 158, 177]
899.jpg [264, 291, 159, 202]
900.jpg [269, 282, 229, 257]
901.jpg [304, 324, 151, 202]
902.jpg [306, 342, 151, 228]
903.jpg [301, 319, 153, 202]
904.jpg [318, 348, 113, 183]
905.jpg [19, 29, 76, 90]
906.jpg [286, 318, 144, 212]
907.jpg [353, 377, 255, 268]
908.jpg [268, 402, 162, 290]
909.jpg [368, 374, 154, 165]
910.jpg [352, 376, 100, 155]
911.jpg [208, 351, 126, 216]
912.jpg [303, 315, 127, 162]
913.jpg [395, 430, 76, 162]
914.jpg [306, 325, 165, 208]
915.jpg [268, 301, 214, 294]
916.jpg [392, 411, 143, 201]
917.jpg [198, 224, 206, 270]
918.jpg [275, 299, 147, 193]
919.jpg [168, 278, 78, 192]
920.jpg [227, 263, 87, 181]
921.jpg [348, 371, 102, 157]
922.jpg [273, 299, 150, 197]
923.jpg [287, 330, 131, 251]
924.jpg [349, 380, 142, 199]
925.jpg [555, 588, 334, 351]
926.jpg [456, 509, 222, 274]
927.jpg [302, 360, 125, 254]
928.jpg [336, 368, 143, 208]
929.jpg [272, 317, 183, 276]
930.jpg [405, 425, 207, 229]
931.jpg [556, 563, 170, 182]
932.jpg [303, 324, 167, 197]
933.jpg [376, 420, 194, 231]
934.jpg [273, 333, 140, 222]
935.jpg [75, 109, 192, 255]
936.jpg [283, 301, 153, 202]
937.jpg [414, 454, 87, 163]
938.jpg [298, 321, 168, 238]
939.jpg [351, 389, 146, 216]
940.jpg [278, 289, 216, 244]
941.jpg [343, 344, 178, 184]
942.jpg [183, 220, 107, 205]
943.jpg [214, 243, 146, 223]
944.jpg [374, 392, 77, 126]
945.jpg [278, 287, 104, 139]
946.jpg [364, 386, 134, 190]
947.jpg [254, 269, 258, 299]
948.jpg [294, 314, 127, 171]
949.jpg [296, 330, 64, 161]
950.jpg [233, 236, 200, 204]
951.jpg [306, 338, 160, 198]
952.jpg [227, 247, 301, 343]
953.jpg [307, 329, 123, 170]
954.jpg [307, 329, 168, 199]
955.jpg [365, 384, 134, 181]
956.jpg [221, 390, 188, 337]
957.jpg [290, 313, 29, 82]
958.jpg [315, 333, 162, 201]
959.jpg [207, 240, 123, 160]
960.jpg [292, 338, 156, 207]
961.jpg [253, 398, 154, 307]
962.jpg [248, 270, 164, 217]
963.jpg [303, 336, 158, 226]
964.jpg [305, 349, 86, 222]
965.jpg [311, 329, 160, 199]
966.jpg [273, 308, 141, 212]
967.jpg [294, 314, 127, 171]
968.jpg [516, 568, 20, 104]
969.jpg [320, 343, 158, 186]
970.jpg [314, 340, 154, 223]
971.jpg [294, 314, 131, 175]
972.jpg [323, 368, 150, 256]
973.jpg [466, 504, 188, 224]
974.jpg [295, 339, 158, 207]
975.jpg [307, 329, 176, 203]
976.jpg [235, 270, 120, 151]
977.jpg [333, 336, 184, 193]
978.jpg [303, 331, 163, 181]
979.jpg [252, 288, 161, 283]
980.jpg [230, 275, 119, 210]
981.jpg [306, 328, 175, 202]
982.jpg [273, 299, 150, 197]
983.jpg [349, 380, 154, 216]
984.jpg [258, 342, 162, 198]
985.jpg [331, 361, 154, 213]
986.jpg [219, 331, 147, 273]
987.jpg [300, 322, 172, 203]
988.jpg [276, 286, 101, 136]
989.jpg [397, 424, 284, 299]
990.jpg [74, 108, 191, 254]
991.jpg [348, 382, 142, 204]
992.jpg [293, 339, 155, 206]
993.jpg [301, 323, 173, 202]
994.jpg [318, 335, 145, 185]
995.jpg [327, 400, 162, 292]
996.jpg [304, 339, 211, 301]
997.jpg [372, 392, 142, 192]
998.jpg [299, 326, 127, 207]
999.jpg [324, 346, 79, 136]
